82 31 41
13 95 39
51 39 68
56 60 95
33 72 77
50 80 90
19 100 92
29 4 31
90 83 86
51 20 53
57 16 95
76 44 17
56 44 69
14 46 97
76 10 71
83 56 24
71 52 99
42 99 99
10 14 34
33 69 70
44 33 88
51 77 65
73 62 29
50 37 30
50 56 31
52 21 60
13 99 46
76 58 76
47 60 94
87 8 57
92 80 8
42 18 100
43 45 97
53 76 33
60 36 77
12 69 27
22 53 25
3 11 54
11 28 8
72 6 82
11 35 69
96 12 41
67 77 74
53 71 74
89 65 84
3 75 2
31 73 32
90 37 13
85 58 93
7 70 8
35 90 99
29 5 98
11 51 6
73 53 85
67 14 51
10 27 100
31 91 100
82 95 57
65 59 37
15 57 2
8 82 17
29 32 47
13 57 55
14 84 65
20 58 37
74 33 82
8 68 1
63 32 6
17 92 23
33 49 38
38 94 61
60 21 8
74 88 13
73 48 91
41 56 56
63 11 1
38 37 74
95 79 66
95 90 50
7 2 41
83 50 77
43 10 36
56 95 79
66 87 92
46 29 66
99 49 71
26 71 87
72 25 83
68 68 73
11 6 92
1 35 82
44 47 92
0 75 19
68 27 8
51 25 48
73 75 57
84 9 53
36 73 98
81 34 69
21 3 90
29 40 48
81 58 95
61 61 18
8 4 68
68 24 62
26 70 10
80 100 69
75 41 88
36 1 70
26 91 37
71 7 52
78 59 59
48 79 20
53 0 84
35 37 31
79 49 24
17 22 83
50 25 91
47 6 22
21 38 23
83 93 68
43 52 54
33 40 83
8 21 20
43 38 20
75 26 18
9 44 55
36 11 96
68 5 92
45 20 84
57 3 6
47 63 52
26 75 26
23 48 68
82 24 86
46 81 97
78 17 58
32 40 83
6 32 67
24 59 46
67 35 41
61 14 75
35 87 58
84 9 51
11 40 80
33 31 98
97 17 57
93 47 73
0 74 23
63 0 34
10 21 71
84 34 92
75 18 68
8 81 26
23 26 34
59 74 71
69 3 61
58 38 12
92 74 83
34 77 33
87 35 1
42 75 13
79 51 46
90 35 83
53 86 64
64 34 48
3 21 95
38 36 8
42 45 15
50 65 13
3 74 53
8 21 82
25 29 59
50 90 25
36 90 1
45 46 85
7 79 65
81 17 63
44 2 5
84 2 12
14 19 47
5 83 37
97 17 82
97 89 6
71 34 74
12 79 38
94 66 92
25 26 38
81 33 75
49 43 49
17 93 58
10 15 62
37 42 1
49 84 14
23 3 10
91 29 3
85 32 60
98 32 87
99 64 43
51 21 100
95 75 62
74 57 76
36 23 19
13 45 14
87 44 18
18 70 85
77 94 9
99 41 19
16 88 91
64 56 22
14 22 84
16 39 93
42 12 46
99 41 97
74 88 59
24 99 53
76 88 84
64 2 56
62 27 96
8 99 66
27 87 75
29 56 4
77 64 82
48 41 84
52 66 24
68 94 54
48 57 37
39 52 63
73 57 2
43 63 13
100 51 12
34 48 61
83 79 96
24 12 16
1 3 73
74 71 32
52 67 19
36 44 95
18 33 19
3 72 25
20 36 8
52 26 99
39 47 60
61 6 7
8 57 51
16 2 32
34 8 2
88 24 56
11 75 26
83 88 57
65 57 8
76 40 21
75 64 79
46 65 88
14 24 44
27 26 62
66 34 16
93 44 57
100 97 66
29 84 27
52 0 75
12 93 6
50 67 64
48 98 47
44 64 59
68 9 5
49 74 12
73 54 14
4 39 85
85 28 32
5 91 51
34 38 35
63 11 14
31 75 28
99 69 35
20 71 66
31 0 84
95 73 35
31 1 35
58 32 16
89 13 85
94 53 35
48 72 78
12 14 8
53 19 40
86 34 56
5 27 49
72 67 30
59 67 83
87 57 72
77 92 72
88 18 92
13 44 38
40 90 33
66 13 83
36 9 65
75 86 34
42 50 68
4 86 95
82 51 13
38 43 86
9 62 35
27 63 51
32 32 35
19 35 21
89 72 75
36 43 69
2 97 34
11 0 2
82 85 19
42 90 50
24 23 88
33 96 70
80 27 78
33 47 12
36 83 11
44 47 92
70 100 15
23 69 83
100 51 42
72 89 96
62 10 74
98 44 44
46 61 82
54 35 47
44 84 80
74 6 24
42 90 88
75 1 49
73 3 14
86 60 68
68 89 67
97 72 86
9 52 77
44 14 99
79 51 19
96 78 22
57 27 12
17 8 82
7 76 84
16 85 11
63 6 60
89 13 76
68 81 77
19 91 94
79 79 57
34 15 12
70 37 5
87 41 14
0 89 61
11 3 11
28 59 60
6 70 0
98 76 39
45 82 20
72 34 81
69 82 45
88 49 52
17 51 23
62 8 82
79 48 99
15 35 22
5 9 51
53 20 44
24 32 85
33 57 76
84 92 91
42 58 48
73 55 100
53 18 99
13 39 26
80 14 97
84 51 54
70 65 8
79 24 55
59 90 40
66 13 81
36 56 44
3 58 93
72 67 26
100 79 82
16 31 36
30 2 12
16 64 12
94 73 44
21 92 94
8 27 97
34 72 60
49 72 72
4 96 17
40 36 98
20 56 50
49 23 52
13 64 40
66 27 99
42 44 12
71 57 59
9 36 100
34 78 0
100 78 18
94 76 18
25 46 92
17 45 29
2 77 60
44 78 49
91 32 34
62 66 23
61 59 26
97 87 30
20 75 20
39 36 13
2 4 78
82 4 91
80 59 77
95 38 58
75 15 65
73 96 97
18 36 64
99 24 58
51 21 65
8 4 43
19 73 21
70 39 88
52 72 5
24 58 32
82 4 84
93 87 66
41 28 0
43 62 93
90 95 64
98 1 28
70 46 64
2 38 1
53 50 43
85 18 5
74 95 18
96 44 11
78 41 42
72 7 84
7 46 98
36 65 49
80 20 38
63 92 27
58 55 53
58 77 40
45 7 77
91 41 34
2 71 6
50 51 90
45 41 91
46 53 51
76 91 52
75 65 23
71 40 27
89 41 4
90 31 83
61 44 23
37 39 83
29 53 26
48 69 81
72 4 93
77 86 17
43 39 12
55 70 41
2 45 86
57 83 62
23 75 18
69 60 74
63 69 58
91 73 69
100 67 9
32 44 5
58 7 5
100 30 17
58 89 57
96 33 75
36 37 69
49 16 9
75 56 17
35 10 31
71 31 9
2 91 7
74 32 67
7 68 26
68 35 15
12 84 75
40 50 51
80 2 54
16 53 32
54 74 49
73 5 86
66 3 100
24 95 24
40 33 70
1 94 59
71 69 59
32 47 21
76 90 27
74 77 45
55 78 46
94 82 28
86 50 73
94 74 53
21 95 98
6 53 37
0 93 48
74 100 17
5 72 10
32 82 91
51 71 96
4 76 98
79 3 90
79 33 12
53 79 49
100 3 58
50 30 50
21 51 99
99 95 8
34 76 44
20 30 13
84 14 27
68 97 65
95 82 8
30 100 58
51 87 23
42 97 67
70 57 41
57 68 90
44 87 74
93 71 85
70 12 99
73 81 97
75 26 57
52 61 41
73 3 63
46 63 75
46 68 52
29 39 46
21 6 68
83 59 41
14 46 28
60 58 61
51 4 91
66 71 81
22 43 85
13 83 77
17 58 65
55 38 100
18 33 14
89 97 21
99 17 24
41 54 64
83 37 44
69 78 23
19 77 20
38 38 18
56 72 26
12 37 43
6 49 72
80 68 45
39 39 76
61 66 67
94 96 63
73 43 4
3 85 68
93 92 0
70 4 41
75 60 56
72 73 3
24 65 98
22 85 73
0 24 40
95 67 23
95 26 20
69 64 48
84 12 40
10 39 54
75 47 75
84 40 46
53 66 56
84 42 70
66 72 83
15 57 69
21 17 48
12 92 77
8 99 45
3 90 79
9 55 31
38 99 97
86 75 51
81 78 43
6 79 72
63 42 7
96 50 13
94 43 55
77 26 63
16 40 65
71 20 92
75 83 73
86 92 17
54 15 69
35 48 100
70 90 68
94 56 17
2 17 26
83 56 82
1 64 48
46 75 27
85 61 63
60 9 45
8 15 92
77 89 11
50 52 36
50 64 36
94 24 82
98 88 41
87 36 33
96 77 61
98 90 59
22 3 75
23 55 56
67 78 9
32 24 17
54 30 100
79 21 45
97 56 82
23 26 9
86 89 54
73 12 13
20 86 91
62 89 67
17 100 81
37 82 99
30 49 32
70 56 8
42 83 5
0 72 20
72 1 54
29 41 36
37 84 24
58 23 94
18 21 9
32 47 9
65 52 6
64 16 92
27 61 91
2 50 77
33 65 58
65 25 92
84 57 45
16 79 81
60 4 85
1 71 94
94 15 8
17 71 23
27 44 91
39 54 50
51 9 8
72 81 49
5 63 87
59 23 45
51 85 9
34 34 25
58 58 38
54 34 44
75 39 33
33 13 68
63 62 33
66 0 56
36 50 85
23 37 95
21 60 78
35 50 60
4 13 64
50 58 53
31 28 52
36 50 34
48 100 29
66 36 20
46 58 36
10 55 31
57 6 66
23 100 69
28 49 45
46 72 2
43 5 17
47 58 29
27 37 34
99 50 58
34 47 44
20 96 1
87 93 62
85 88 97
12 47 18
50 55 50
81 37 30
99 6 24
99 39 20
3 15 33
18 50 5
23 15 58
42 3 23
95 79 76
64 70 31
66 6 15
71 43 14
59 84 78
11 78 4
30 88 82
16 18 11
79 30 32
50 51 50
92 74 71
41 76 22
89 71 94
4 19 51
12 97 14
58 23 54
47 85 40
9 72 55
15 21 71
35 44 9
87 65 53
19 80 48
84 21 27
90 77 36
100 79 39
1 39 20
54 14 32
86 27 82
7 48 14
19 91 42
46 24 74
79 12 65
96 36 99
26 47 91
74 54 1
44 47 50
7 99 88
13 1 91
22 38 3
86 14 90
6 95 72
3 24 53
63 75 4
80 83 92
4 94 40
32 91 2
80 98 37
33 49 81
70 7 59
12 78 14
52 88 52
4 1 5
78 53 35
48 53 75
73 66 46
48 53 61
97 91 10
60 75 55
62 19 2
79 4 19
73 27 48
81 11 90
18 92 74
88 72 87
9 68 91
11 43 16
59 99 56
96 89 74
66 22 0
98 42 86
55 33 91
90 76 75
15 93 66
58 34 95
97 87 35
60 25 56
83 7 86
29 84 13
38 7 85
40 95 12
69 30 85
75 46 10
16 88 76
91 31 48
83 13 27
44 41 72
48 90 7
89 29 49
29 47 12
37 62 26
69 28 10
68 24 2
67 14 6
97 38 29
7 52 2
74 81 37
16 78 65
5 32 30
36 38 4
10 98 12
41 46 13
25 29 19
67 75 97
85 7 70
99 61 34
66 99 44
69 100 42
100 41 30
27 85 96
32 33 11
86 17 94
33 2 5
68 40 96
88 91 7
75 79 88
3 51 6
39 26 69
49 90 30
76 28 92
83 3 49
39 93 69
70 81 84
22 100 75
26 94 40
77 82 77
19 14 12
61 64 58
38 100 28
27 53 97
77 68 24
68 19 44
22 44 6
99 37 50
94 33 96
7 22 38
66 3 12
50 81 53
6 48 54
44 80 41
46 65 91
37 69 66
43 44 60
65 41 50
46 92 56
48 57 84
27 30 21
42 51 90
23 80 5
74 7 58
85 24 39
45 31 71
91 22 1
86 90 21
48 2 82
61 23 88
60 2 86
7 66 35
37 63 93
94 13 100
48 31 36
7 28 17
95 65 10
21 34 96
89 18 23
30 1 70
4 99 63
19 72 97
21 60 1
47 35 38
96 72 12
92 56 52
18 40 94
44 5 24
5 92 2
64 80 86
49 96 61
18 28 77
67 6 91
79 43 57
19 73 55
97 66 69
18 17 63
85 18 63
25 34 49
39 24 0
77 68 99
41 8 8
90 65 29
77 0 62
87 42 38
2 84 22
20 84 38
93 40 85
65 17 53
62 67 28
15 40 98
61 97 34
93 49 27
2 33 32
15 78 69
56 34 82
37 96 43
83 89 8
8 7 63
16 10 3
46 52 31
45 41 1
93 97 66
29 34 73
34 9 34
3 98 19
75 65 1
6 78 94
22 52 64
90 46 69
97 90 70
28 5 7
41 76 48
49 27 99
6 31 31
4 82 55
6 2 62
11 57 58
95 12 92
22 36 93
95 55 95
7 6 34
9 52 78
20 31 19
10 44 56
93 30 26
29 59 96
23 80 37
87 81 53
3 2 68
40 16 83
27 78 94
49 15 39
34 38 47
63 78 52
74 95 49
84 66 64
39 80 78
90 51 65
51 55 82
47 41 65
26 72 34
32 87 47
21 82 70
40 62 27
1 26 46
94 22 65
47 72 85
14 43 51
20 70 27
49 75 12
60 85 15
30 0 4
29 75 23
49 20 52
64 64 80
76 23 84
8 23 34
2 10 7
13 41 60
0 68 25
76 41 49
7 13 16
73 41 20
91 99 46
9 89 74
72 27 2
33 7 22
83 92 14
12 83 92
22 28 88
3 92 75
4 54 36
6 36 88
61 41 52
62 46 92
55 86 9
37 87 97
1 25 30
53 73 100
45 87 91
60 70 33
99 30 39
84 39 85
29 66 85
51 99 59
13 51 6
36 92 44
24 41 81
35 74 68
42 85 25
88 36 6
15 2 26
