15056 32735
5276 31836
7722 3269
26450 15681
16549 17683
29034 20276
7767 1178
28479 19893
13073 11508
31956 3
18824 18455
32277 7107
17842 14635
23648 17811
28275 28569
15684 21404
31353 20581
5769 13849
25701 18877
17264 10706
18987 17618
32571 22676
23483 27110
26864 2
7393 27302
29787 989
32361 18107
27730 19610
4744 16028
27197 7027
24695 26790
26325 4808
7009 7278
18475 31222
16511 10326
4332 16265
24706 1374
5348 27565
6193 32061
22210 5862
31827 30385
29467 14593
31951 23571
15537 25675
786 20526
28148 16640
20401 7
5065 23814
23375 19107
5515 9179
16066 9143
32335 4813
26225 32352
27501 32105
5376 6855
17468 30261
31024 31162
7964 12194
23296 25927
30650 26940
9241 26506
6799 15652
18280 9155
27050 25024
19469 17835
24240 13233
32628 31497
28193 7173
4801 11136
12252 9902
10098 25259
28902 23859
3903 8300
4711 1
17221 896
23029 17878
22116 599
5909 15045
26342 9763
16895 13405
21345 31792
30626 19806
14046 12659
30440 14235
28730 3173
827 9318
14541 14610
20552 4425
3658 7020
23299 19703
29670 7142
21483 18561
20157 8766
32399 2253
24945 12954
10833 19525
11028 24791
10346 14540
11592 3614
25390 9718
23972 9400
31377 22392
18010 17955
2539 15325
6679 8037
31480 891
16171 22432
2595 9126
5610 19687
24580 6691
32338 4944
25639 1247
24814 27210
11535 25057
16121 7217
12666 2942
3527 31776
7911 17612
24929 30215
31062 27225
10864 25853
26703 6940
2908 9175
21797 28075
2228 3065
15996 1455
6353 22124
25865 7573
22198 4913
13721 22663
23611 10965
5205 28827
1899 7750
27972 5450
12074 30949
11793 3619
2843 10460
3343 30144
21184 12722
16762 8442
22499 27933
4352 1625
8245 19991
22143 14798
16950 23091
26129 20645
2388 19762
29254 16821
9559 6865
22192 5594
26876 17126
27557 31909
23520 11179
18240 6481
9120 30298
4009 7161
2111 506
17046 31497
6088 4216
5650 10
11572 16889
22142 8739
24205 23151
26069 20276
5716 1386
16436 14180
23585 3122
10649 28485
4233 12818
26858 12214
8260 10998
13370 8466
29327 24633
12873 26279
5840 30648
13641 32362
30073 20779
4840 18664
2094 28085
15754 19840
23850 30137
726 3792
27103 20720
4981 877
28892 1208
14358 1751
32500 19631
22454 22188
17309 8577
13086 28699
18582 8702
31149 24988
19661 4720
6999 25822
18047 26155
31726 21761
20641 1893
27552 21766
1919 20808
2242 14980
6307 28742
28364 4252
2552 7341
22180 18222
31791 25467
3103 25165
27746 29043
23749 15857
14583 5232
25556 14828
28104 26362
22408 25120
7040 23063
15258 26350
15944 4451
7430 31218
30628 17763
15122 2
8087 8215
16780 24834
28942 18382
30803 11302
21884 3134
3097 10962
5057 27092
21606 12282
26192 22345
15072 21827
15505 4470
10187 17777
11140 22889
6092 2846
20904 22712
16114 14258
12827 8213
23798 30351
19202 29731
9922 24716
27435 23689
26929 9125
2801 10564
18710 21233
11360 25153
17535 29396
1690 21803
22843 5493
121 13698
29849 7026
15990 749
4211 27859
18378 10705
8555 15933
1747 4642
14965 13928
10424 4217
2454 2003
8272 77
4587 21175
20544 30474
18156 25401
8292 20701
27890 8163
625 30164
25335 15445
10712 8361
14749 1080
31469 3696
15218 21108
30024 20338
19059 2211
7531 6712
14031 6853
10662 21734
29421 821
30264 18635
18607 13020
1207 13365
29689 20900
2738 11914
18029 25391
21396 4756
14457 9162
31179 25373
2964 12700
15146 23996
25028 22051
27788 12270
28260 994
20667 616
9252 23635
22160 20140
1105 21027
603 13019
29527 15262
1668 14282
13956 26985
20339 15703
32526 5487
1710 254
9816 15901
20801 29351
32625 16850
19811 19394
25053 20113
4950 7318
20889 31226
15759 17366
26713 5496
15383 1142
25620 4795
30513 11708
32450 3177
1341 2458
29541 18192
30684 1339
21574 15968
1109 18396
5761 4759
2872 11229
30403 27196
17217 19992
6995 7184
2942 10097
5967 13634
10420 25774
13113 12258
29184 28810
7858 28056
12474 25604
28548 19094
14238 20733
4582 23755
29998 6914
3580 13145
1362 21095
18078 10826
1602 17813
5466 9854
13477 15524
26556 19944
4859 4909
16844 4091
8248 9305
18905 4702
25009 15678
16757 21991
17468 2412
4033 10183
6291 11714
16619 13058
12026 1415
7924 17955
22050 13750
18359 8493
16716 2712
25639 24532
6577 21400
25816 21485
16162 12628
26561 25636
31724 2544
11072 17133
12286 6063
12894 4541
14158 17860
32341 17529
3960 20325
335 22831
168 21794
11889 14340
19899 23669
19224 20333
12193 28058
25954 16546
8198 17312
5105 12368
14129 17089
25323 3982
8492 10479
4677 28947
28197 11439
2370 16038
16916 32298
9014 25301
10142 24193
14736 15082
2617 16738
3863 25883
7058 11481
116 16129
10284 19304
7665 10316
8009 25689
4736 23988
21005 11859
31743 51
11745 12332
6330 7281
30230 9214
28210 18048
16586 4221
19741 7625
15120 3207
22189 19782
30795 24829
26389 23538
20699 31954
2378 24958
5116 28513
22534 29510
4330 23812
28691 23939
15178 8674
22470 31938
28357 5896
32714 19349
5622 11708
16670 30856
14470 21773
31841 6230
13461 23983
15950 18525
10076 20486
3459 21840
18705 26753
17798 14892
16395 11817
8969 2925
12071 22394
25965 8833
874 29041
10630 7549
17640 31974
24990 1807
28388 30236
3772 15027
4920 31383
7974 22826
19704 301
5668 24873
18002 22624
24839 16462
21944 24299
32106 28759
30274 10907
21688 29846
8013 4448
28910 19360
16233 18596
28322 10566
24178 3803
20549 3270
11004 4956
5797 1858
30452 4207
17077 18032
26501 19367
9361 14228
23609 28786
7101 22187
20833 30958
11437 32233
16822 6398
3979 18790
19264 24478
7220 25365
7031 627
14212 19189
26281 1958
9683 28555
28315 16883
26303 10895
23667 21245
32300 30182
29141 10213
20106 27856
21837 9242
26711 28003
32237 28275
29412 28216
567 5243
4699 23652
20029 30732
28417 5545
1286 15135
16825 21230
4404 7650
2506 5869
10468 779
20449 29996
18646 3692
6746 17710
27342 4552
30395 5610
31545 15334
15489 30076
21012 15843
27936 24859
13066 23244
21829 29003
6364 5485
21342 5715
20486 28771
26460 30962
9376 29817
28599 21326
10114 28977
14259 22061
20139 11168
15075 28263
29924 28543
16875 32412
31904 13952
15497 24866
6695 23006
31959 17985
2291 568
14282 17059
12378 18847
28415 8710
31598 17390
10167 21044
26658 24921
4896 31285
4526 24393
3030 4547
14900 15208
3241 3326
6051 23799
1185 28769
26588 26728
11327 24821
4115 28969
16390 1220
19320 32190
17466 18321
11543 4626
13800 22470
30973 13327
19750 28590
6301 7788
13468 16100
11890 5574
23107 2060
3301 5107
15725 18112
5232 15763
24070 29133
15620 21991
12569 11680
20136 9447
16021 763
3428 910
19538 28141
23645 633
14927 22784
7233 24240
29758 22708
18661 14532
7234 15148
6701 16922
21239 16424
11309 21638
16563 3379
29325 10267
17419 12830
31538 6978
27033 20908
17434 16650
4349 17039
10376 10687
25378 15507
10594 6590
32195 26138
5335 8839
30765 21960
20804 21012
9542 23679
20313 27754
14030 11150
26488 25453
9701 11045
9821 248
1229 5389
19716 30509
7666 10133
1991 19210
1063 1232
8392 19773
30771 4605
12686 5434
18316 27463
6131 12938
2146 16303
12861 2150
22239 10566
9867 1924
30638 21919
14707 14897
954 4740
30697 22176
312 4840
14434 19330
3559 29
14138 31446
32406 11079
21075 5891
6120 29457
10240 22052
17492 12702
7457 28579
27503 18115
3727 6153
20078 4723
12730 28436
3558 29562
26768 5131
15575 7790
3233 21582
9449 24803
30081 10289
8181 9439
15982 29194
10951 18574
3891 13193
5411 7734
27724 11592
29445 10348
21067 7331
13101 26249
8315 3018
32475 17752
5826 26644
18136 2065
27340 21143
8629 15755
14437 24309
24407 5549
20775 13432
30132 11046
12118 17762
10967 5469
4104 4222
8234 22187
30857 8443
8948 31433
11005 16506
26145 31108
20039 3942
2370 12728
19754 30596
4308 4219
12462 11467
13253 14489
31174 12405
8756 15937
15919 2646
10617 19197
3227 11373
22885 15847
23567 13497
3786 7195
2698 333
1854 25960
12007 19111
25117 8523
16900 14398
13005 14365
25380 9050
2118 27787
15250 31784
3537 2375
17800 1294
10511 5885
31310 22588
14654 11913
11174 27524
23480 15207
3176 1643
22972 17002
11370 24192
9073 177
27554 19948
31784 30424
10383 22603
15330 13419
11732 29114
18962 30624
8999 15409
13732 30021
1385 12052
3645 23799
27158 23812
25285 28053
4576 19451
2339 11764
3735 5016
4935 7636
76 13751
5486 29459
11702 25925
8609 14113
31701 12115
7295 22708
2260 14952
20285 1469
28212 4124
23275 24986
28199 9442
28921 27533
4154 4646
29945 10605
28983 13976
27558 27291
19018 12487
23334 14136
29538 26609
140 16277
25818 5913
32417 24555
31833 3675
27108 3149
2295 7805
21967 14554
25249 25286
18268 4663
4286 23827
12488 6717
17426 6183
23191 31982
10211 17475
24024 12718
20059 502
5034 15536
15406 20279
7679 9390
22397 19121
28064 28893
15865 16734
26994 17184
17995 14935
6903 25211
12468 29931
1047 18891
19184 3310
545 3765
2913 14675
25101 13533
26473 22782
2564 16728
26904 16851
23586 8803
18439 1555
13946 16213
2435 9192
13402 17618
27630 21310
5329 322
8547 26069
27247 25985
7577 28052
30796 32216
31498 7457
24651 30509
15188 5806
1696 1142
26335 7446
20112 14452
20416 23336
5240 10141
31709 13634
2321 26202
31314 22819
20978 14194
10260 32762
4951 32454
10196 5826
18208 19520
4391 16594
1309 4870
6883 26800
8328 24819
17612 21287
16083 10823
17520 26777
19365 32157
14671 10390
28191 13342
27711 31660
25443 29173
7695 22401
25175 2818
10603 26912
27814 8147
31743 14737
12552 1744
10976 172
25284 21941
9767 6702
10867 8006
20447 20749
5126 14654
31265 29961
7690 7816
4221 28292
20011 16817
28828 17555
28407 25502
13860 18773
23269 17018
32220 24708
30870 13555
25617 5193
19546 1446
16952 27733
17142 8919
28628 15149
6565 30310
2714 21957
1884 31230
2515 26961
2898 23440
8451 25432
1216 17920
13768 8202
30693 8734
27908 21203
9294 25559
4926 23856
20564 14253
25670 1986
28134 9316
30232 20897
31881 29950
19203 18930
19612 32490
20235 10172
2017 6265
17547 5111
9017 21393
25631 23014
7599 20645
13248 29095
12472 15844
22833 6409
21945 22193
27547 28317
17610 30548
2164 17168
20666 6383
12196 5303
17491 18867
10987 26988
9439 30035
1149 31385
32235 4537
20720 26514
6730 1017
20568 25128
20061 20867
10929 2427
14226 29084
19325 26383
5419 21263
8365 16930
7745 27167
16581 15677
30984 23233
15420 29194
14164 4872
7713 32613
31836 27105
24581 15797
12222 5632
21780 3453
25028 4378
20613 29742
17638 15189
2869 31552
24720 21245
3214 1408
24869 5240
6830 3756
10563 5756
30149 2365
2121 13951
25279 20100
14870 10607
18724 21752
5140 1188
26684 8399
886 21267
26486 8907
16573 2756
17930 31063
23681 30342
28126 18386
2414 26593
28071 6187
18317 17740
7760 31406
21700 18592
14239 22557
1697 461
6166 10755
29011 29131
17431 3397
32761 20948
24652 25338
25120 23249
11078 29564
29318 8466
14948 18367
31524 22593
32247 11490
31340 5017
20643 5636
19920 22099
5641 20569
25987 2145
11426 15741
25987 9055
14062 2056
22487 11207
32719 1634
21525 19044
32303 16345
16424 6665
15337 18416
3664 32130
9191 25594
7274 4555
31624 12008
6258 4224
2884 12128
3654 13973
14994 5135
685 839
8969 2623
16279 25426
24262 25260
13735 7269
5647 30867
5870 3283
4149 3853
3834 5003
19391 6299
15375 13386
25028 7426
19892 19471
14489 12633
27761 27088
18861 13920
20184 8043
32432 20755
8130 24287
27131 20863
6619 14268
24108 31701
31841 2264
10512 26557
15656 31300
30151 27116
7138 21374
6690 15353
31389 488
21328 22124
8077 25465
13754 12569
17420 10675
21547 23980
5343 26837
25140 12420
1979 10065
21967 27589
10759 384
19522 8360
19684 13717
13894 15126
12907 11216
3945 27510
8245 20212
9393 25283
31521 18682
11906 5345
20561 30727
16833 30001
28534 12188
23610 24931
31310 6668
4159 11915
3435 20020
5010 3191
26165 28006
13702 13120
10802 23974
96 3872
13189 29721
2563 24195
1717 9146
