4069
-100 -98
-100 -92
-100 -48
-100 -46
-100 -45
-100 -43
-100 -22
-100 -15
-100 -14
-100 -6
-100 22
-100 23
-100 26
-100 47
-100 62
-100 79
-100 92
-100 94
-99 -95
-99 -87
-99 -84
-99 -81
-99 -62
-99 -52
-99 -34
-99 -22
-99 -17
-99 -10
-99 -9
-99 -5
-99 4
-99 24
-99 31
-99 35
-99 39
-99 68
-98 -96
-98 -92
-98 -85
-98 -83
-98 -79
-98 -78
-98 -76
-98 -74
-98 -73
-98 -60
-98 -51
-98 -12
-98 13
-98 17
-98 28
-98 37
-98 51
-98 68
-98 83
-98 92
-97 -99
-97 -97
-97 -87
-97 -80
-97 -65
-97 -63
-97 -47
-97 -19
-97 -4
-97 0
-97 1
-97 5
-97 14
-97 45
-97 58
-97 66
-97 72
-97 82
-97 95
-96 -83
-96 -73
-96 -66
-96 -47
-96 -28
-96 -21
-96 -8
-96 -3
-96 8
-96 9
-96 81
-96 98
-95 -77
-95 -74
-95 -69
-95 -53
-95 -43
-95 -37
-95 -31
-95 -13
-95 -12
-95 0
-95 3
-95 42
-95 72
-95 79
-95 84
-95 88
-94 -93
-94 -85
-94 -84
-94 -75
-94 -72
-94 -49
-94 -43
-94 -40
-94 -34
-94 -31
-94 -23
-94 -13
-94 37
-94 39
-94 57
-94 68
-94 71
-94 73
-94 75
-94 76
-94 80
-94 95
-93 -98
-93 -96
-93 -79
-93 -66
-93 -58
-93 -45
-93 -34
-93 -29
-93 -27
-93 -16
-93 -8
-93 3
-93 14
-93 26
-93 44
-93 57
-93 66
-93 71
-92 -98
-92 -89
-92 -85
-92 -83
-92 -82
-92 -80
-92 -79
-92 -72
-92 -69
-92 -68
-92 -66
-92 -59
-92 -53
-92 -49
-92 -46
-92 -32
-92 -10
-92 -6
-92 -4
-92 0
-92 1
-92 3
-92 7
-92 10
-92 21
-92 26
-92 31
-92 34
-92 39
-92 41
-92 46
-92 62
-92 63
-92 77
-92 81
-92 88
-92 91
-92 97
-91 -97
-91 -91
-91 -85
-91 -63
-91 -58
-91 -38
-91 -20
-91 -18
-91 -11
-91 -10
-91 -6
-91 -3
-91 2
-91 8
-91 10
-91 11
-91 19
-91 27
-91 33
-91 43
-91 51
-91 90
-91 94
-90 -99
-90 -98
-90 -68
-90 -47
-90 -46
-90 -44
-90 -34
-90 -29
-90 -25
-90 1
-90 17
-90 23
-90 24
-90 72
-90 74
-90 76
-90 87
-90 98
-89 -100
-89 -99
-89 -87
-89 -80
-89 -74
-89 -66
-89 -53
-89 -52
-89 -44
-89 -34
-89 -33
-89 -30
-89 -29
-89 -6
-89 -5
-89 0
-89 3
-89 13
-89 20
-89 25
-89 36
-89 42
-89 45
-89 48
-89 57
-89 63
-89 79
-89 86
-89 87
-88 -69
-88 -62
-88 -53
-88 -52
-88 -49
-88 -44
-88 -43
-88 -36
-88 -28
-88 -4
-88 1
-88 6
-88 7
-88 8
-88 40
-88 50
-88 59
-88 76
-88 81
-88 83
-88 89
-88 91
-88 95
-87 -98
-87 -96
-87 -85
-87 -50
-87 -47
-87 -46
-87 -44
-87 -30
-87 -23
-87 -13
-87 3
-87 44
-87 55
-87 56
-87 61
-87 64
-87 80
-87 81
-87 95
-86 -100
-86 -93
-86 -89
-86 -87
-86 -86
-86 -70
-86 -65
-86 -64
-86 -61
-86 -55
-86 -52
-86 -40
-86 -31
-86 -25
-86 -10
-86 -7
-86 -3
-86 24
-86 25
-86 37
-86 53
-86 61
-86 93
-86 99
-85 -94
-85 -84
-85 -77
-85 -45
-85 -41
-85 -6
-85 30
-85 40
-85 45
-85 55
-85 62
-85 78
-85 80
-85 96
-84 -82
-84 -76
-84 -64
-84 -39
-84 -23
-84 -18
-84 -9
-84 4
-84 6
-84 10
-84 14
-84 23
-84 25
-84 32
-84 70
-84 94
-83 -84
-83 -50
-83 -47
-83 -39
-83 -35
-83 -5
-83 1
-83 11
-83 12
-83 17
-83 18
-83 27
-83 28
-83 30
-83 37
-83 41
-83 48
-83 81
-83 84
-82 -99
-82 -96
-82 -86
-82 -52
-82 -40
-82 -9
-82 -2
-82 5
-82 11
-82 21
-82 25
-82 34
-82 35
-82 38
-82 40
-82 50
-82 54
-82 58
-82 89
-81 -93
-81 -59
-81 -52
-81 -49
-81 -40
-81 -39
-81 -32
-81 -15
-81 -11
-81 -6
-81 5
-81 12
-81 45
-81 57
-81 68
-80 -92
-80 -53
-80 -38
-80 -37
-80 -33
-80 -23
-80 -11
-80 -7
-80 -1
-80 8
-80 14
-80 18
-80 37
-80 42
-80 44
-80 46
-80 48
-80 54
-80 57
-80 74
-80 83
-80 90
-79 -93
-79 -91
-79 -86
-79 -80
-79 -74
-79 -65
-79 -63
-79 -47
-79 -22
-79 15
-79 17
-79 18
-79 20
-79 21
-79 29
-79 40
-79 44
-79 48
-79 53
-79 85
-78 -98
-78 -88
-78 -83
-78 -77
-78 -75
-78 -71
-78 -52
-78 -51
-78 -46
-78 -35
-78 -34
-78 -33
-78 -32
-78 -26
-78 -11
-78 -7
-78 -6
-78 14
-78 20
-78 25
-78 34
-78 42
-78 48
-78 50
-78 54
-78 55
-78 67
-78 79
-77 -98
-77 -94
-77 -85
-77 -50
-77 -32
-77 -23
-77 -14
-77 -10
-77 -6
-77 -1
-77 2
-77 5
-77 10
-77 17
-77 21
-77 38
-77 47
-77 74
-77 76
-77 85
-77 87
-77 88
-77 89
-76 -77
-76 -68
-76 -60
-76 -49
-76 -39
-76 -33
-76 -29
-76 -22
-76 -6
-76 15
-76 24
-76 36
-76 37
-76 39
-76 46
-76 49
-76 50
-76 52
-76 56
-76 60
-76 75
-76 84
-76 96
-75 -100
-75 -73
-75 -38
-75 -36
-75 -28
-75 -13
-75 -11
-75 -9
-75 0
-75 16
-75 19
-75 20
-75 22
-75 23
-75 34
-75 57
-75 65
-75 66
-75 88
-74 -98
-74 -61
-74 -51
-74 -45
-74 -31
-74 -20
-74 -18
-74 -17
-74 -9
-74 3
-74 25
-74 46
-74 59
-74 62
-74 76
-74 77
-74 90
-73 -92
-73 -90
-73 -89
-73 -81
-73 -80
-73 -74
-73 -66
-73 -63
-73 -61
-73 -59
-73 -56
-73 -54
-73 -48
-73 -42
-73 -10
-73 -9
-73 2
-73 10
-73 11
-73 17
-73 39
-73 45
-73 74
-73 76
-73 83
-73 92
-73 98
-72 -69
-72 -54
-72 -52
-72 -26
-72 -21
-72 -20
-72 -17
-72 -10
-72 -6
-72 3
-72 10
-72 17
-72 23
-72 42
-72 74
-72 84
-71 -97
-71 -90
-71 -80
-71 -67
-71 -65
-71 -59
-71 -19
-71 25
-71 30
-71 45
-71 48
-71 52
-71 55
-71 58
-71 59
-71 68
-71 69
-71 91
-71 94
-70 -81
-70 -42
-70 -34
-70 -26
-70 -18
-70 6
-70 10
-70 46
-70 69
-70 78
-70 85
-70 86
-69 -96
-69 -93
-69 -88
-69 -86
-69 -82
-69 -78
-69 -72
-69 -70
-69 -66
-69 -59
-69 -57
-69 -54
-69 -35
-69 -13
-69 2
-69 8
-69 32
-69 44
-69 71
-69 74
-69 77
-69 80
-69 83
-69 84
-69 87
-68 -93
-68 -82
-68 -47
-68 -40
-68 -35
-68 -28
-68 -20
-68 -17
-68 -15
-68 -11
-68 -7
-68 2
-68 22
-68 41
-68 42
-68 47
-68 49
-68 52
-68 62
-68 64
-68 68
-68 77
-68 80
-68 83
-68 85
-68 88
-68 90
-67 -93
-67 -65
-67 -61
-67 -56
-67 -36
-67 -27
-67 -9
-67 3
-67 44
-67 48
-67 56
-67 62
-67 64
-67 69
-67 73
-67 79
-67 89
-67 90
-67 99
-66 -97
-66 -79
-66 -53
-66 -39
-66 -24
-66 -23
-66 -22
-66 -21
-66 -19
-66 -17
-66 -12
-66 7
-66 9
-66 28
-66 37
-66 46
-66 49
-66 60
-66 65
-66 76
-66 77
-66 89
-66 99
-65 -98
-65 -97
-65 -96
-65 -85
-65 -81
-65 -73
-65 -68
-65 -64
-65 -60
-65 -53
-65 -50
-65 -49
-65 -46
-65 -42
-65 -15
-65 -10
-65 -6
-65 8
-65 15
-65 24
-65 41
-65 90
-65 93
-64 -97
-64 -92
-64 -90
-64 -83
-64 -63
-64 -60
-64 -54
-64 -24
-64 -19
-64 -17
-64 -7
-64 -2
-64 7
-64 10
-64 11
-64 13
-64 20
-64 29
-64 35
-64 38
-64 39
-64 45
-64 48
-64 52
-64 56
-64 65
-64 73
-64 80
-64 85
-64 92
-63 -89
-63 -86
-63 -73
-63 -71
-63 -58
-63 -51
-63 -50
-63 -48
-63 -1
-63 13
-63 20
-63 26
-63 35
-63 47
-63 50
-63 60
-63 65
-63 70
-63 75
-63 83
-63 86
-63 93
-62 -100
-62 -92
-62 -87
-62 -47
-62 -38
-62 -31
-62 -30
-62 -23
-62 -10
-62 5
-62 30
-62 44
-62 47
-62 53
-62 58
-62 81
-62 85
-62 98
-61 -77
-61 -75
-61 -73
-61 -68
-61 -65
-61 -41
-61 -32
-61 -26
-61 -25
-61 -24
-61 -1
-61 59
-61 75
-61 81
-60 -66
-60 -64
-60 -52
-60 -47
-60 -19
-60 -15
-60 -3
-60 -2
-60 7
-60 18
-60 28
-60 29
-60 38
-60 48
-60 53
-60 65
-60 94
-59 -83
-59 -71
-59 -65
-59 -64
-59 -63
-59 -59
-59 -51
-59 -23
-59 -13
-59 6
-59 26
-59 33
-59 44
-59 45
-59 48
-59 51
-59 83
-59 95
-58 -94
-58 -56
-58 -48
-58 -38
-58 -35
-58 -28
-58 -24
-58 -6
-58 6
-58 10
-58 16
-58 27
-58 32
-58 44
-58 76
-58 78
-58 89
-57 -91
-57 -88
-57 -86
-57 -84
-57 -82
-57 -44
-57 -26
-57 -18
-57 -10
-57 -4
-57 -3
-57 -2
-57 2
-57 10
-57 18
-57 19
-57 27
-57 28
-57 44
-57 80
-57 82
-57 91
-56 -100
-56 -95
-56 -72
-56 -63
-56 -61
-56 -60
-56 -55
-56 -29
-56 -27
-56 -26
-56 -20
-56 -11
-56 -3
-56 -1
-56 3
-56 7
-56 8
-56 9
-56 13
-56 18
-56 19
-56 23
-56 29
-56 37
-56 46
-56 49
-56 69
-56 79
-56 92
-55 -100
-55 -95
-55 -90
-55 -33
-55 -32
-55 -27
-55 0
-55 1
-55 6
-55 12
-55 17
-55 20
-55 27
-55 33
-55 53
-55 57
-55 61
-55 66
-55 70
-55 75
-55 78
-55 90
-55 93
-54 -90
-54 -70
-54 -69
-54 -52
-54 -40
-54 -39
-54 -20
-54 15
-54 17
-54 29
-54 61
-54 77
-54 90
-53 -84
-53 -75
-53 -62
-53 -56
-53 -50
-53 -47
-53 -46
-53 -35
-53 -32
-53 -28
-53 -26
-53 -11
-53 -10
-53 8
-53 25
-53 29
-53 43
-53 45
-53 46
-53 47
-53 58
-53 78
-53 84
-52 -92
-52 -74
-52 -72
-52 -68
-52 -58
-52 -36
-52 -32
-52 -8
-52 43
-52 60
-52 70
-52 79
-52 85
-52 90
-51 -96
-51 -94
-51 -91
-51 -87
-51 -76
-51 -59
-51 -57
-51 -46
-51 -44
-51 -42
-51 -16
-51 -9
-51 42
-51 56
-51 89
-51 99
-50 -99
-50 -98
-50 -85
-50 -71
-50 -48
-50 -46
-50 -40
-50 -39
-50 -31
-50 -22
-50 -12
-50 -11
-50 9
-50 13
-50 34
-50 57
-50 63
-50 78
-50 80
-50 92
-50 97
-50 99
-49 -78
-49 -71
-49 -40
-49 -36
-49 -11
-49 2
-49 7
-49 12
-49 23
-49 27
-49 36
-49 38
-49 56
-49 82
-49 87
-49 89
-49 92
-49 93
-49 97
-48 -98
-48 -92
-48 -86
-48 -68
-48 -65
-48 -49
-48 -36
-48 -24
-48 -22
-48 -1
-48 1
-48 11
-48 30
-48 38
-48 47
-48 56
-48 59
-48 81
-48 89
-47 -100
-47 -97
-47 -94
-47 -93
-47 -52
-47 -43
-47 -22
-47 -17
-47 6
-47 12
-47 15
-47 21
-47 23
-47 25
-47 35
-47 39
-47 42
-47 44
-47 47
-47 50
-47 59
-47 60
-47 71
-47 73
-47 83
-47 92
-47 99
-46 -91
-46 -90
-46 -80
-46 -64
-46 -60
-46 -48
-46 -38
-46 -34
-46 -31
-46 -29
-46 -27
-46 -1
-46 8
-46 13
-46 23
-46 24
-46 60
-46 82
-46 83
-46 93
-45 -98
-45 -95
-45 -92
-45 -88
-45 -86
-45 -75
-45 -71
-45 -68
-45 -55
-45 -52
-45 -37
-45 -29
-45 -20
-45 -13
-45 35
-45 38
-45 53
-45 67
-45 70
-45 81
-44 -97
-44 -93
-44 -20
-44 -16
-44 -12
-44 2
-44 8
-44 33
-44 39
-44 49
-44 51
-44 58
-44 63
-44 79
-44 89
-44 95
-44 96
-43 -96
-43 -71
-43 -65
-43 -63
-43 -53
-43 -48
-43 -37
-43 -29
-43 -28
-43 -24
-43 -16
-43 -14
-43 21
-43 22
-43 23
-43 25
-43 40
-43 47
-43 57
-43 66
-43 81
-43 84
-43 96
-42 -83
-42 -44
-42 -40
-42 -17
-42 -9
-42 8
-42 11
-42 26
-42 45
-42 63
-42 65
-42 68
-42 80
-42 88
-42 90
-41 -80
-41 -78
-41 -76
-41 -53
-41 -52
-41 -48
-41 -34
-41 -20
-41 -14
-41 -13
-41 -3
-41 2
-41 9
-41 18
-41 20
-41 28
-41 35
-41 42
-41 44
-41 61
-41 64
-41 80
-41 91
-40 -97
-40 -92
-40 -81
-40 -74
-40 -70
-40 -67
-40 -54
-40 -52
-40 -48
-40 -44
-40 -33
-40 -17
-40 -7
-40 3
-40 14
-40 27
-40 28
-40 34
-40 36
-40 49
-40 76
-40 77
-40 81
-40 83
-40 84
-39 -100
-39 -98
-39 -95
-39 -73
-39 -70
-39 -69
-39 -62
-39 -58
-39 -53
-39 -49
-39 -42
-39 -39
-39 -38
-39 -35
-39 -19
-39 -16
-39 -15
-39 -5
-39 4
-39 9
-39 10
-39 32
-39 33
-39 43
-39 59
-39 66
-39 70
-39 76
-39 83
-39 96
-38 -85
-38 -81
-38 -75
-38 -54
-38 -41
-38 -24
-38 -5
-38 -3
-38 -2
-38 13
-38 17
-38 20
-38 34
-38 38
-38 42
-38 44
-38 58
-38 63
-38 68
-38 76
-38 83
-37 -96
-37 -79
-37 -75
-37 -73
-37 -67
-37 -51
-37 -49
-37 -38
-37 -35
-37 -28
-37 -22
-37 -14
-37 -12
-37 6
-37 25
-37 58
-37 65
-37 67
-37 95
-37 96
-36 -95
-36 -73
-36 -68
-36 -60
-36 -49
-36 -31
-36 -25
-36 2
-36 4
-36 8
-36 42
-36 55
-36 61
-36 96
-36 98
-35 -93
-35 -90
-35 -79
-35 -61
-35 -55
-35 -43
-35 -34
-35 -33
-35 -30
-35 -12
-35 8
-35 18
-35 21
-35 38
-35 40
-35 41
-35 43
-35 49
-35 56
-35 63
-35 76
-35 94
-34 -83
-34 -82
-34 -79
-34 -77
-34 -75
-34 -74
-34 -56
-34 -53
-34 -46
-34 -38
-34 -35
-34 -6
-34 24
-34 29
-34 38
-34 44
-34 49
-34 54
-34 60
-34 62
-34 64
-34 65
-34 68
-34 74
-34 75
-34 77
-34 88
-34 93
-34 94
-33 -52
-33 -47
-33 -46
-33 -41
-33 -22
-33 -21
-33 -20
-33 -15
-33 -11
-33 -3
-33 -2
-33 10
-33 12
-33 29
-33 30
-33 68
-33 78
-33 82
-33 94
-33 95
-33 96
-32 -98
-32 -85
-32 -81
-32 -80
-32 -69
-32 -65
-32 -50
-32 -37
-32 -31
-32 4
-32 18
-32 23
-32 25
-32 32
-32 33
-32 35
-32 38
-32 56
-32 63
-32 80
-31 -100
-31 -97
-31 -80
-31 -79
-31 -70
-31 -66
-31 -58
-31 -49
-31 -48
-31 -24
-31 7
-31 8
-31 48
-31 53
-31 55
-31 59
-31 66
-31 81
-31 93
-30 -74
-30 -69
-30 -65
-30 -63
-30 -62
-30 -52
-30 -49
-30 -42
-30 -41
-30 -21
-30 -18
-30 6
-30 12
-30 17
-30 29
-30 32
-30 33
-30 37
-30 55
-30 57
-30 61
-30 66
-30 75
-30 76
-30 84
-30 88
-30 92
-30 96
-29 -98
-29 -92
-29 -82
-29 -81
-29 -52
-29 -47
-29 -44
-29 -35
-29 -34
-29 -12
-29 -7
-29 11
-29 13
-29 16
-29 28
-29 39
-29 41
-29 50
-29 59
-29 61
-29 75
-29 76
-29 83
-29 89
-29 90
-29 93
-28 -95
-28 -74
-28 -73
-28 -67
-28 -65
-28 -61
-28 -45
-28 -40
-28 -30
-28 -26
-28 -22
-28 -15
-28 -8
-28 3
-28 18
-28 21
-28 38
-28 71
-28 83
-27 -86
-27 -80
-27 -66
-27 -47
-27 -46
-27 -43
-27 -39
-27 -29
-27 -17
-27 -11
-27 51
-27 54
-27 70
-27 71
-27 98
-26 -99
-26 -95
-26 -92
-26 -86
-26 -85
-26 -75
-26 -68
-26 -38
-26 -33
-26 -28
-26 -21
-26 -12
-26 -2
-26 0
-26 26
-26 28
-26 35
-26 36
-26 46
-26 53
-26 72
-26 73
-25 -97
-25 -74
-25 -73
-25 -59
-25 -56
-25 -48
-25 -28
-25 -27
-25 -22
-25 -9
-25 -2
-25 0
-25 11
-25 12
-25 14
-25 23
-25 27
-25 41
-25 42
-25 53
-25 55
-25 66
-25 67
-25 69
-25 78
-25 88
-24 -100
-24 -85
-24 -76
-24 -73
-24 -56
-24 -49
-24 -42
-24 -10
-24 30
-24 33
-24 43
-24 59
-24 85
-24 93
-23 -88
-23 -83
-23 -77
-23 -73
-23 -72
-23 -71
-23 -56
-23 -55
-23 -45
-23 -23
-23 -20
-23 -13
-23 -6
-23 2
-23 19
-23 28
-23 49
-23 50
-23 55
-23 84
-23 89
-22 -96
-22 -93
-22 -78
-22 -50
-22 -40
-22 -32
-22 -28
-22 -12
-22 -7
-22 2
-22 38
-22 46
-22 52
-22 57
-22 90
-22 91
-22 92
-22 96
-21 -98
-21 -91
-21 -72
-21 -30
-21 -11
-21 -2
-21 2
-21 31
-21 33
-21 34
-21 35
-21 45
-21 54
-21 67
-21 98
-20 -97
-20 -88
-20 -87
-20 -71
-20 -36
-20 -30
-20 -29
-20 -27
-20 -16
-20 -11
-20 20
-20 26
-20 35
-20 41
-20 60
-20 61
-20 64
-20 69
-20 71
-20 80
-20 89
-20 92
-20 97
-19 -88
-19 -78
-19 -68
-19 -63
-19 -42
-19 -30
-19 8
-19 18
-19 26
-19 44
-19 47
-19 51
-19 55
-19 65
-19 71
-19 76
-19 97
-18 -100
-18 -60
-18 -17
-18 -15
-18 -10
-18 -8
-18 -2
-18 7
-18 16
-18 19
-18 57
-18 63
-18 82
-18 89
-17 -96
-17 -87
-17 -86
-17 -84
-17 -82
-17 -67
-17 -66
-17 -64
-17 -61
-17 -55
-17 -37
-17 -18
-17 -3
-17 1
-17 10
-17 15
-17 23
-17 41
-17 54
-17 58
-17 68
-17 80
-17 83
-17 91
-17 93
-17 95
-17 99
-16 -100
-16 -86
-16 -64
-16 -57
-16 -43
-16 -39
-16 -38
-16 -28
-16 -11
-16 0
-16 3
-16 16
-16 20
-16 22
-16 25
-16 27
-16 32
-16 38
-16 44
-16 67
-16 79
-16 86
-15 -76
-15 -72
-15 -62
-15 -17
-15 -11
-15 8
-15 23
-15 41
-15 80
-14 -99
-14 -93
-14 -88
-14 -81
-14 -49
-14 -47
-14 -45
-14 -40
-14 -17
-14 -15
-14 -7
-14 -6
-14 -2
-14 9
-14 16
-14 18
-14 36
-14 76
-14 78
-14 90
-14 92
-14 94
-13 -60
-13 -47
-13 -39
-13 -38
-13 -17
-13 -16
-13 1
-13 2
-13 3
-13 12
-13 18
-13 20
-13 21
-13 26
-13 27
-13 31
-13 39
-13 76
-13 98
-12 -96
-12 -91
-12 -79
-12 -68
-12 -61
-12 -48
-12 -46
-12 -39
-12 -36
-12 -28
-12 -19
-12 -11
-12 6
-12 17
-12 19
-12 32
-12 60
-12 65
-12 74
-12 80
-12 83
-12 88
-12 93
-11 -100
-11 -99
-11 -85
-11 -81
-11 -68
-11 -67
-11 -39
-11 -28
-11 -11
-11 37
-11 40
-11 54
-11 60
-11 70
-11 90
-11 93
-11 95
-10 -99
-10 -95
-10 -93
-10 -63
-10 -44
-10 -36
-10 -23
-10 -19
-10 -9
-10 -2
-10 3
-10 4
-10 15
-10 20
-10 33
-10 41
-10 47
-10 51
-10 60
-10 66
-10 71
-10 74
-10 75
-10 87
-10 94
-9 -100
-9 -83
-9 -80
-9 -77
-9 -62
-9 -56
-9 -28
-9 -27
-9 -20
-9 -3
-9 13
-9 26
-9 38
-9 42
-9 67
-9 79
-9 80
-9 83
-9 88
-9 92
-9 98
-9 99
-8 -24
-8 -14
-8 -9
-8 -8
-8 39
-8 43
-8 45
-8 53
-8 65
-8 73
-8 81
-8 85
-8 87
-8 94
-7 -86
-7 -77
-7 -74
-7 -69
-7 -62
-7 -54
-7 -47
-7 -37
-7 -34
-7 -32
-7 -31
-7 -21
-7 -18
-7 8
-7 10
-7 16
-7 21
-7 31
-7 49
-7 63
-7 85
-7 88
-6 -69
-6 -48
-6 -26
-6 -24
-6 -2
-6 20
-6 28
-6 32
-6 33
-6 90
-6 93
-5 -99
-5 -98
-5 -97
-5 -82
-5 -77
-5 -76
-5 -71
-5 -70
-5 -59
-5 -52
-5 -50
-5 -48
-5 -34
-5 -31
-5 -3
-5 8
-5 9
-5 11
-5 21
-5 30
-5 32
-5 49
-5 53
-5 56
-5 62
-5 64
-5 68
-5 87
-5 97
-4 -100
-4 -97
-4 -91
-4 -82
-4 -81
-4 -78
-4 -71
-4 -61
-4 -55
-4 -42
-4 -23
-4 -10
-4 -1
-4 15
-4 21
-4 37
-4 45
-4 71
-4 75
-4 83
-4 89
-4 92
-4 96
-3 -99
-3 -92
-3 -88
-3 -83
-3 -71
-3 -68
-3 -55
-3 -44
-3 -31
-3 -18
-3 -17
-3 -6
-3 11
-3 15
-3 20
-3 30
-3 32
-3 35
-3 40
-3 45
-3 56
-3 66
-3 82
-3 85
-3 90
-2 -88
-2 -76
-2 -72
-2 -58
-2 -38
-2 -25
-2 -21
-2 -6
-2 10
-2 30
-2 34
-2 35
-2 41
-2 44
-2 45
-2 49
-2 58
-2 61
-2 66
-2 84
-2 90
-2 97
-2 98
-1 -91
-1 -78
-1 -76
-1 -71
-1 -68
-1 -57
-1 -56
-1 -55
-1 -52
-1 -51
-1 -48
-1 -45
-1 -5
-1 -1
-1 7
-1 11
-1 19
-1 25
-1 27
-1 43
-1 73
-1 74
-1 77
-1 78
-1 79
-1 84
-1 92
0 -86
0 -78
0 -71
0 -35
0 -27
0 -14
0 -3
0 6
0 10
0 16
0 35
0 40
0 43
0 53
0 56
0 66
0 77
0 79
0 97
1 -100
1 -87
1 -82
1 -75
1 -55
1 -44
1 -40
1 -29
1 -26
1 -19
1 -12
1 -7
1 22
1 37
1 39
1 41
1 45
1 46
1 49
1 56
1 58
1 62
1 85
1 88
2 -95
2 -85
2 -79
2 -66
2 -51
2 -50
2 -33
2 -14
2 -5
2 -1
2 1
2 45
2 52
2 54
2 65
2 81
2 95
2 96
2 99
3 -81
3 -79
3 -65
3 -46
3 -29
3 -15
3 -14
3 -10
3 -7
3 1
3 9
3 10
3 17
3 18
3 19
3 41
3 45
3 51
3 57
3 67
3 85
3 91
3 94
4 -99
4 -87
4 -67
4 -34
4 -32
4 -30
4 -25
4 -10
4 -6
4 -1
4 8
4 28
4 35
4 51
4 60
4 64
4 67
4 78
4 89
5 -90
5 -71
5 -64
5 -40
5 -39
5 -13
5 -8
5 8
5 10
5 15
5 25
5 30
5 69
5 73
6 -98
6 -68
6 -47
6 -42
6 -37
6 -29
6 -23
6 -21
6 -17
6 -6
6 7
6 33
6 44
6 50
6 57
6 75
6 86
6 88
6 90
7 -98
7 -95
7 -85
7 -77
7 -68
7 -55
7 -52
7 -49
7 -45
7 -39
7 -25
7 -8
7 -2
7 10
7 31
7 41
7 46
7 47
7 70
7 78
7 98
8 -95
8 -94
8 -89
8 -87
8 -80
8 -70
8 -54
8 -45
8 -40
8 -33
8 -28
8 -25
8 -22
8 -4
8 -1
8 18
8 50
8 51
8 52
8 72
8 86
8 98
9 -96
9 -60
9 -53
9 -52
9 -50
9 -49
9 -48
9 -43
9 -29
9 -25
9 -18
9 4
9 19
9 25
9 56
9 70
10 -95
10 -90
10 -69
10 -44
10 -39
10 -26
10 -25
10 -21
10 -14
10 -13
10 -2
10 1
10 22
10 30
10 31
10 46
10 48
10 62
10 64
10 66
10 80
10 85
11 -88
11 -79
11 -76
11 -63
11 -56
11 -54
11 -50
11 -15
11 -9
11 0
11 5
11 17
11 31
11 43
11 50
11 55
11 94
12 -100
12 -96
12 -95
12 -88
12 -86
12 -81
12 -78
12 -63
12 -43
12 -38
12 -35
12 -14
12 -7
12 0
12 4
12 16
12 18
12 28
12 33
12 40
12 45
12 46
12 53
12 63
12 85
12 91
13 -97
13 -75
13 -63
13 -52
13 -49
13 -48
13 -29
13 -28
13 -24
13 -14
13 -13
13 28
13 32
13 34
13 40
13 42
13 43
13 52
13 55
13 76
13 79
13 83
13 88
13 94
13 97
14 -96
14 -93
14 -86
14 -81
14 -79
14 -74
14 -67
14 -58
14 -53
14 -52
14 -27
14 -10
14 13
14 23
14 34
14 35
14 42
14 63
14 87
14 98
15 -97
15 -79
15 -77
15 -76
15 -72
15 -59
15 -45
15 -42
15 -39
15 -21
15 -14
15 0
15 13
15 20
15 31
15 55
15 60
15 66
15 74
15 82
15 84
16 -67
16 -65
16 -62
16 -54
16 -37
16 -27
16 -20
16 -11
16 -1
16 2
16 25
16 28
16 33
16 44
16 56
16 82
16 84
16 95
17 -95
17 -92
17 -75
17 -63
17 -54
17 -47
17 -43
17 -42
17 -28
17 -13
17 -11
17 -4
17 4
17 7
17 18
17 25
17 32
17 54
17 58
17 70
17 71
17 72
17 73
17 79
17 83
17 92
18 -91
18 -30
18 -29
18 -23
18 -7
18 20
18 23
18 25
18 58
18 59
18 65
18 69
18 72
18 79
18 93
18 94
19 -92
19 -87
19 -67
19 -63
19 -48
19 -42
19 -34
19 -32
19 -20
19 -5
19 19
19 28
19 29
19 32
19 35
19 37
19 42
19 58
19 65
19 80
19 86
19 96
20 -99
20 -80
20 -79
20 -77
20 -74
20 -73
20 -46
20 -28
20 -24
20 -7
20 -4
20 2
20 3
20 10
20 11
20 16
20 39
20 55
20 71
20 83
21 -99
21 -95
21 -71
21 -61
21 -55
21 -44
21 -30
21 -21
21 -19
21 -14
21 -7
21 5
21 8
21 10
21 15
21 51
21 52
21 60
21 64
21 65
21 66
21 76
21 84
21 86
22 -92
22 -83
22 -74
22 -51
22 -9
22 1
22 10
22 29
22 46
22 73
22 85
22 95
23 -98
23 -95
23 -91
23 -85
23 -83
23 -80
23 -72
23 -64
23 -63
23 -54
23 -16
23 -14
23 -5
23 24
23 37
23 57
23 61
23 72
23 75
23 88
24 -89
24 -87
24 -78
24 -77
24 -76
24 -40
24 -26
24 -5
24 -1
24 0
24 3
24 12
24 25
24 42
24 53
24 64
24 80
24 97
25 -94
25 -93
25 -82
25 -78
25 -70
25 -46
25 -45
25 -35
25 -22
25 -11
25 -7
25 3
25 11
25 33
25 36
25 38
25 51
25 63
25 64
25 86
25 99
26 -74
26 -72
26 -66
26 -61
26 -45
26 -44
26 -33
26 8
26 16
26 20
26 26
26 31
26 33
26 46
26 48
26 49
26 56
26 59
26 83
26 95
26 98
27 -98
27 -88
27 -86
27 -75
27 -63
27 -60
27 -55
27 -52
27 -47
27 -24
27 -1
27 1
27 7
27 8
27 10
27 11
27 21
27 26
27 32
27 36
27 64
27 78
27 86
27 87
28 -99
28 -93
28 -87
28 -75
28 -62
28 -47
28 -44
28 -11
28 -10
28 2
28 3
28 5
28 7
28 13
28 23
28 25
28 26
28 39
28 45
28 62
28 79
28 92
28 95
29 -52
29 -41
29 -38
29 -23
29 -15
29 3
29 14
29 24
29 25
29 26
29 36
29 39
29 44
29 61
29 79
29 94
30 -98
30 -81
30 -80
30 -75
30 -55
30 -50
30 -40
30 -35
30 -18
30 6
30 8
30 16
30 25
30 39
30 63
30 70
30 97
31 -98
31 -93
31 -68
31 -63
31 -54
31 -48
31 -33
31 -29
31 -25
31 1
31 4
31 18
31 52
31 53
31 80
31 83
31 95
31 99
32 -97
32 -90
32 -86
32 -65
32 -45
32 -37
32 -3
32 6
32 12
32 38
32 60
32 79
32 95
33 -91
33 -86
33 -71
33 -66
33 -65
33 -46
33 -39
33 -29
33 -27
33 -12
33 -2
33 38
33 46
33 51
33 52
33 56
33 81
33 83
33 92
33 94
34 -96
34 -81
34 -74
34 -68
34 -67
34 -55
34 -53
34 -32
34 -30
34 -20
34 -19
34 -12
34 2
34 12
34 16
34 46
34 65
34 88
35 -95
35 -79
35 -75
35 -60
35 -59
35 -28
35 2
35 25
35 66
35 72
35 85
36 -99
36 -97
36 -93
36 -90
36 -88
36 -81
36 -75
36 -73
36 -66
36 -36
36 -28
36 -26
36 -4
36 0
36 2
36 7
36 10
36 22
36 28
36 49
36 54
36 70
36 71
36 77
36 83
36 94
37 -97
37 -88
37 -81
37 -73
37 -70
37 -65
37 -54
37 -52
37 -40
37 -17
37 -10
37 3
37 26
37 38
37 43
37 50
37 51
37 71
37 72
37 88
38 -84
38 -83
38 -74
38 -57
38 -40
38 -31
38 -21
38 -20
38 -1
38 0
38 37
38 58
38 92
39 -98
39 -93
39 -83
39 -63
39 -51
39 -36
39 -30
39 -27
39 -26
39 -19
39 -3
39 1
39 6
39 9
39 11
39 33
39 36
39 81
40 -97
40 -93
40 -92
40 -76
40 -65
40 -50
40 -40
40 -22
40 -21
40 -12
40 -6
40 1
40 2
40 23
40 32
40 70
40 79
40 83
40 86
40 94
41 -99
41 -84
41 -83
41 -82
41 -73
41 -66
41 -46
41 -43
41 -35
41 -32
41 -20
41 -19
41 7
41 9
41 19
41 66
41 79
41 83
41 84
41 94
41 99
42 -96
42 -85
42 -83
42 -72
42 -64
42 -58
42 -56
42 -48
42 -39
42 -38
42 -33
42 -12
42 0
42 1
42 14
42 18
42 30
42 32
42 37
42 39
42 50
42 56
42 62
42 67
42 85
42 87
42 92
42 93
42 99
43 -95
43 -76
43 -72
43 -15
43 -7
43 3
43 8
43 20
43 27
43 41
43 70
43 94
44 -76
44 -36
44 -31
44 -28
44 -27
44 -19
44 -12
44 37
44 38
44 41
44 45
44 50
44 64
44 77
44 93
45 -98
45 -94
45 -80
45 -73
45 -72
45 -67
45 -64
45 -59
45 -56
45 -52
45 -22
45 -3
45 0
45 5
45 8
45 47
45 63
45 64
45 69
45 84
45 96
46 -70
46 -63
46 -56
46 -47
46 -27
46 -5
46 5
46 8
46 15
46 20
46 40
46 44
46 96
47 -90
47 -89
47 -86
47 -85
47 -78
47 -72
47 -66
47 -57
47 -48
47 -44
47 -19
47 -16
47 3
47 11
47 13
47 18
47 27
47 28
47 36
47 43
47 50
47 53
47 55
47 61
47 64
47 81
47 87
47 95
48 -80
48 -67
48 -63
48 -51
48 -17
48 -9
48 -8
48 -5
48 -4
48 12
48 18
48 40
48 62
48 67
48 72
48 87
48 91
48 93
48 96
48 98
49 -91
49 -77
49 -63
49 -52
49 -50
49 -45
49 -44
49 -31
49 -28
49 -27
49 -23
49 -17
49 -11
49 27
49 44
49 54
49 56
49 58
49 59
49 75
49 91
49 92
50 -95
50 -93
50 -86
50 -73
50 -71
50 -70
50 -68
50 -64
50 -60
50 -42
50 -29
50 -25
50 -20
50 -8
50 -2
50 1
50 36
50 40
50 47
50 51
50 67
50 89
50 94
51 -100
51 -59
51 -44
51 -43
51 -39
51 -27
51 -20
51 3
51 6
51 7
51 19
51 22
51 26
51 27
51 29
51 38
51 47
51 67
51 71
51 77
51 78
51 91
52 -95
52 -91
52 -86
52 -80
52 -56
52 -43
52 -28
52 -18
52 -15
52 3
52 8
52 9
52 10
52 19
52 20
52 24
52 44
52 47
52 62
52 83
52 84
52 91
53 -84
53 -72
53 -63
53 -58
53 -54
53 -48
53 -46
53 -43
53 -42
53 -29
53 -25
53 -13
53 -11
53 -10
53 -6
53 -4
53 -3
53 -1
53 9
53 16
53 20
53 25
53 28
53 33
53 38
53 53
53 64
53 67
53 70
53 73
53 81
54 -96
54 -83
54 -82
54 -81
54 -68
54 -54
54 -46
54 -13
54 -5
54 8
54 14
54 15
54 19
54 26
54 28
54 36
54 40
54 53
54 68
54 84
54 96
55 -85
55 -64
55 -50
55 -39
55 1
55 5
55 10
55 42
55 43
55 68
55 73
55 75
55 85
56 -100
56 -98
56 -97
56 -93
56 -87
56 -82
56 -79
56 -76
56 -74
56 -72
56 -69
56 -68
56 -50
56 -48
56 -22
56 -20
56 -6
56 -2
56 5
56 24
56 28
56 31
56 54
56 58
56 60
56 64
56 73
56 75
56 76
56 91
56 99
57 -92
57 -89
57 -78
57 -75
57 -63
57 -62
57 -32
57 -25
57 -19
57 -7
57 10
57 18
57 20
57 29
57 37
57 45
57 77
57 80
57 83
57 90
57 92
58 -81
58 -76
58 -68
58 6
58 8
58 16
58 18
58 42
58 62
58 76
58 95
59 -90
59 -74
59 -70
59 -59
59 -58
59 -46
59 -45
59 -25
59 -11
59 -4
59 9
59 19
59 30
59 49
59 52
59 54
59 85
59 86
60 -95
60 -87
60 -81
60 -65
60 -63
60 -51
60 -42
60 -38
60 -18
60 -6
60 -5
60 -4
60 17
60 44
60 69
60 79
60 81
60 83
60 87
60 90
60 91
60 99
61 -56
61 -49
61 -46
61 -37
61 -32
61 -31
61 1
61 22
61 30
61 35
61 48
61 50
61 81
62 -87
62 -80
62 -77
62 -67
62 -57
62 -55
62 -51
62 -48
62 -42
62 -39
62 -34
62 -18
62 -6
62 -4
62 -1
62 2
62 25
62 34
62 54
62 59
62 80
62 85
62 94
63 -71
63 -51
63 -50
63 -49
63 -38
63 -25
63 -15
63 0
63 4
63 7
63 20
63 47
63 51
63 56
63 63
63 91
63 93
64 -97
64 -94
64 -74
64 -64
64 -58
64 -50
64 -49
64 -47
64 -46
64 -42
64 -32
64 -25
64 -23
64 -16
64 -8
64 -4
64 -1
64 6
64 9
64 14
64 22
64 35
64 39
64 40
64 46
64 51
64 60
64 63
64 81
64 86
64 90
65 -77
65 -56
65 -51
65 -46
65 -22
65 -6
65 5
65 10
65 15
65 38
65 45
65 47
65 49
65 56
65 59
65 61
65 64
65 75
65 88
65 89
66 -95
66 -43
66 -40
66 -39
66 -11
66 -2
66 1
66 4
66 8
66 14
66 20
66 21
66 29
66 33
66 42
66 47
66 50
66 62
66 64
66 65
66 77
66 80
66 96
67 -100
67 -96
67 -82
67 -74
67 -60
67 -39
67 -33
67 -26
67 -25
67 -17
67 -11
67 -2
67 -1
67 7
67 32
67 45
67 46
67 82
67 89
68 -95
68 -93
68 -82
68 -71
68 -66
68 -54
68 -52
68 -46
68 -45
68 -38
68 -31
68 -12
68 -7
68 1
68 9
68 28
68 40
68 44
68 52
68 81
68 91
68 94
69 -91
69 -85
69 -75
69 -71
69 -66
69 -62
69 -36
69 -26
69 -16
69 -13
69 -7
69 -4
69 8
69 9
69 13
69 16
69 17
69 30
69 94
69 97
70 -97
70 -83
70 -82
70 -81
70 -72
70 -71
70 -61
70 -59
70 -56
70 -52
70 -45
70 -40
70 -39
70 -35
70 -31
70 -28
70 -25
70 -4
70 -2
70 14
70 25
70 32
70 49
70 50
71 -97
71 -96
71 -83
71 -74
71 -52
71 -31
71 -30
71 -29
71 -17
71 -15
71 -14
71 3
71 20
71 27
71 30
71 33
71 41
71 51
71 57
71 83
71 93
72 -79
72 -72
72 -69
72 -56
72 -7
72 30
72 38
72 39
72 56
72 75
72 85
72 92
72 94
72 99
73 -95
73 -81
73 -78
73 -77
73 -74
73 -64
73 -62
73 -17
73 -15
73 -7
73 -6
73 -5
73 0
73 24
73 33
73 36
73 42
73 46
73 50
73 51
73 56
73 75
74 -78
74 -71
74 -66
74 -50
74 -42
74 -38
74 -33
74 -31
74 -29
74 -8
74 8
74 27
74 33
74 37
74 40
74 55
74 57
74 64
74 75
74 92
75 -94
75 -88
75 -78
75 -63
75 -43
75 -26
75 -24
75 -19
75 -18
75 3
75 22
75 37
75 53
75 67
75 69
75 97
76 -94
76 -81
76 -79
76 -75
76 -71
76 -60
76 -52
76 -43
76 -37
76 -36
76 -30
76 -16
76 -10
76 -1
76 8
76 11
76 17
76 36
76 43
76 46
76 60
76 83
76 84
76 96
77 -90
77 -82
77 -79
77 -73
77 -66
77 -56
77 -55
77 -46
77 -44
77 -43
77 -31
77 -27
77 5
77 28
77 42
77 51
77 60
77 78
77 80
77 82
77 88
77 94
78 -96
78 -88
78 -79
78 -57
78 -51
78 -48
78 -46
78 -44
78 -38
78 -36
78 11
78 16
78 18
78 36
78 42
78 45
78 57
78 59
79 -94
79 -90
79 -89
79 -83
79 -80
79 -47
79 -45
79 -38
79 -36
79 7
79 13
79 29
79 42
79 49
79 52
79 65
79 80
79 84
79 94
80 -97
80 -94
80 -79
80 -68
80 -62
80 -60
80 -37
80 -25
80 -19
80 -18
80 -11
80 -3
80 3
80 6
80 14
80 20
80 22
80 30
80 55
80 58
80 63
80 72
80 73
80 82
80 86
81 -99
81 -68
81 -53
81 -6
81 33
81 67
81 85
81 86
82 -90
82 -76
82 -73
82 -49
82 -45
82 -26
82 -25
82 -12
82 -5
82 -3
82 1
82 15
82 16
82 17
82 28
82 39
82 40
82 73
82 86
82 87
82 96
83 -97
83 -77
83 -55
83 -49
83 -48
83 -37
83 -26
83 -23
83 -9
83 -2
83 27
83 28
83 29
83 33
83 38
83 47
83 55
83 57
83 62
83 87
84 -79
84 -76
84 -61
84 -26
84 -23
84 -19
84 -17
84 -16
84 -7
84 51
84 53
84 71
84 79
84 83
84 93
85 -92
85 -85
85 -83
85 -79
85 -69
85 -43
85 -24
85 -16
85 -14
85 0
85 7
85 15
85 19
85 25
85 35
85 37
85 38
85 50
85 55
85 67
85 69
85 73
85 77
85 78
85 86
85 95
86 -94
86 -87
86 -63
86 -47
86 -41
86 -39
86 -36
86 -25
86 -4
86 2
86 13
86 16
86 22
86 36
86 47
86 57
86 59
86 63
86 66
86 73
86 81
86 93
86 97
87 -100
87 -89
87 -82
87 -81
87 -72
87 -59
87 -43
87 -38
87 -36
87 -16
87 -11
87 13
87 32
87 46
87 54
87 55
87 67
87 99
88 -99
88 -98
88 -83
88 -82
88 -79
88 -70
88 -66
88 -64
88 -46
88 -39
88 -33
88 -23
88 -11
88 -3
88 -1
88 5
88 8
88 44
88 59
88 64
88 73
88 78
88 93
89 -95
89 -93
89 -87
89 -82
89 -80
89 -71
89 -53
89 -46
89 -38
89 -4
89 18
89 20
89 46
89 47
89 52
89 68
89 94
90 -97
90 -89
90 -56
90 -52
90 -51
90 -45
90 -43
90 -35
90 -26
90 -24
90 -17
90 -5
90 -3
90 -1
90 41
90 46
90 47
90 57
90 79
90 92
91 -100
91 -91
91 -88
91 -85
91 -84
91 -83
91 -78
91 -75
91 -65
91 -55
91 -49
91 -27
91 -24
91 -11
91 2
91 16
91 26
91 32
91 65
92 -95
92 -69
92 -59
92 -53
92 -51
92 -46
92 -13
92 -9
92 1
92 3
92 11
92 25
92 28
92 36
92 54
92 71
92 72
92 78
92 79
92 82
92 86
92 88
92 94
93 -95
93 -91
93 -78
93 -75
93 -58
93 -33
93 -27
93 1
93 13
93 14
93 17
93 33
93 61
93 66
93 72
93 74
93 76
93 80
93 84
94 -99
94 -98
94 -97
94 -90
94 -88
94 -72
94 -70
94 -66
94 -60
94 -58
94 -34
94 -16
94 -10
94 34
94 36
94 48
94 64
94 70
94 88
94 99
95 -93
95 -90
95 -79
95 -61
95 -51
95 -49
95 -47
95 -32
95 -29
95 -27
95 -26
95 -20
95 -5
95 -3
95 6
95 10
95 13
95 17
95 19
95 27
95 29
95 34
95 38
95 49
95 56
95 66
95 80
95 81
95 91
95 96
96 -80
96 -69
96 -63
96 -53
96 -40
96 -36
96 -33
96 -10
96 -6
96 -3
96 7
96 17
96 29
96 34
96 54
96 60
96 71
96 76
96 81
96 84
96 94
97 -94
97 -90
97 -86
97 -69
97 -63
97 -40
97 -38
97 -36
97 -29
97 -5
97 28
97 56
98 -90
98 -85
98 -78
98 -74
98 -72
98 -64
98 -52
98 -49
98 -48
98 -27
98 -21
98 -16
98 -15
98 -6
98 -4
98 4
98 7
98 38
98 63
98 70
98 86
98 93
98 95
99 -100
99 -93
99 -92
99 -56
99 -40
99 -29
99 -24
99 -22
99 -17
99 -4
99 20
99 36
99 51
99 61
99 66
99 80
