32 25
45 97
39 39
27 81
4 38
70 40
43 63
7 40
15 33
37 55
52 86
89 67
86 7
6 3
52 45
66 96
99 48
20 19
43 38
28 0
86 3
85 54
54 13
36 68
51 52
71 41
27 43
14 26
27 38
85 34
79 58
91 19
21 87
93 13
19 58
19 39
25 84
47 11
90 57
18 85
88 26
59 48
3 74
91 51
6 33
18 71
30 6
17 95
14 40
71 24
93 32
97 90
3 65
31 87
43 30
25 52
53 75
79 40
5 1
76 49
28 32
66 15
34 24
87 67
96 23
70 26
43 13
53 58
64 28
99 76
60 20
9 56
99 5
80 54
70 67
94 89
1 31
5 64
40 49
63 42
30 76
3 28
67 92
15 71
68 42
83 60
84 61
61 8
93 68
55 61
74 22
19 38
82 42
27 34
0 42
61 70
61 84
59 51
51 63
36 87
53 46
64 41
57 10
91 56
34 7
13 89
50 36
93 28
62 77
11 60
62 71
4 49
94 59
10 56
42 1
2 51
78 52
48 6
48 74
64 4
76 46
23 71
0 45
94 80
79 42
53 66
13 81
68 95
34 26
61 26
41 60
83 13
16 81
18 51
50 94
7 63
57 14
96 100
53 32
81 13
19 78
19 1
99 52
6 52
13 70
3 14
3 53
39 26
24 60
100 24
71 3
46 43
21 46
74 89
4 75
60 57
74 51
22 31
57 15
54 43
78 99
56 54
25 20
55 89
0 96
60 72
43 15
25 91
49 59
41 47
77 85
96 94
9 42
74 10
44 93
69 19
51 11
30 16
41 89
41 2
51 97
58 47
69 48
29 80
23 27
88 96
50 52
12 57
13 57
4 64
9 27
60 39
64 1
3 85
88 83
12 30
72 87
94 46
19 98
76 62
18 25
72 37
86 29
44 11
34 35
57 85
1 69
14 74
91 65
3 24
39 58
50 78
49 14
53 72
35 98
67 62
100 11
55 97
58 37
21 7
97 67
78 16
98 47
88 86
100 97
26 79
82 64
16 0
76 76
29 39
25 28
83 35
48 3
14 83
22 97
96 73
15 76
13 1
53 83
85 40
5 20
14 63
30 87
67 13
76 45
81 88
26 7
38 56
12 72
58 73
94 13
26 38
27 23
26 77
26 88
79 5
13 29
26 73
52 60
82 18
80 3
73 38
43 87
32 89
0 19
92 22
8 37
25 50
98 61
81 47
57 11
47 97
35 16
77 26
56 83
32 94
8 97
83 93
37 11
42 10
68 89
42 28
76 42
99 45
59 35
57 55
54 37
80 44
57 3
40 26
63 30
14 91
74 33
34 66
65 62
93 80
61 64
18 39
29 65
89 63
61 23
35 56
95 55
14 56
85 55
94 40
50 29
62 37
3 0
67 64
82 9
67 81
73 18
76 45
71 64
76 2
84 88
11 40
28 64
0 25
58 77
71 77
89 70
87 48
37 19
20 7
71 76
96 89
34 64
29 13
62 89
62 97
4 2
85 70
26 36
37 9
64 61
65 66
53 19
38 85
40 7
6 55
97 47
0 24
89 100
6 40
99 82
87 94
57 1
10 85
76 55
61 96
23 41
41 97
96 96
46 27
2 26
84 30
23 16
18 14
17 9
38 30
36 23
71 2
53 30
3 9
89 9
74 14
19 95
96 62
41 95
78 100
29 6
67 99
41 68
76 99
78 33
58 27
68 82
13 6
23 6
82 33
89 23
28 90
26 11
9 68
26 3
22 73
94 95
87 78
35 20
38 95
3 26
25 12
30 19
65 8
63 4
89 30
28 55
45 4
5 23
97 45
12 3
64 78
95 93
33 93
20 16
49 49
2 13
33 79
54 79
84 23
40 68
45 40
82 57
36 100
72 35
100 49
33 9
8 79
57 88
84 70
8 17
77 86
33 63
2 0
29 5
25 91
1 100
13 41
39 16
95 49
84 50
61 29
88 74
56 69
5 9
0 71
80 94
39 44
57 40
44 20
68 13
35 19
97 71
43 35
59 68
95 46
91 70
27 34
3 52
30 76
58 60
35 83
27 32
79 11
70 43
51 75
54 20
15 65
24 12
87 52
24 26
45 27
92 12
0 19
20 68
49 27
82 54
11 30
69 32
60 75
15 52
51 12
40 35
85 89
61 23
24 87
34 100
36 33
32 7
58 40
47 48
39 57
45 76
40 50
38 8
98 27
97 3
40 64
47 92
61 96
100 75
83 73
66 30
95 50
5 0
64 43
30 0
91 58
38 12
18 60
47 44
31 8
84 6
20 82
23 83
25 7
11 24
45 26
56 65
72 26
83 63
53 46
62 37
62 10
26 76
17 2
23 70
35 71
19 25
50 2
74 70
67 23
28 27
99 15
22 62
54 10
51 9
63 92
15 92
33 58
52 37
50 1
63 7
8 92
24 40
0 31
96 18
73 14
72 26
55 62
96 96
79 42
35 27
90 13
90 48
92 30
5 36
62 63
30 60
44 86
23 0
93 64
32 28
61 99
44 2
63 42
31 65
36 65
47 72
89 4
53 11
36 33
23 15
71 45
18 33
70 93
31 12
60 56
7 80
78 84
19 27
97 27
0 16
67 35
17 14
71 93
87 6
57 3
48 42
95 60
86 0
25 65
70 54
49 41
74 59
60 51
94 97
74 54
40 75
48 2
44 82
10 74
40 22
25 81
44 44
10 88
63 99
13 46
92 2
56 48
49 74
56 12
66 22
88 44
28 58
25 18
39 73
34 85
47 42
6 67
46 58
55 75
93 83
90 51
43 77
32 60
10 36
78 99
42 85
62 27
99 77
35 82
5 87
19 27
97 40
74 7
69 52
78 62
100 15
16 31
86 25
2 0
16 39
2 74
59 10
59 31
40 90
8 4
26 4
68 29
16 38
11 8
20 94
18 92
77 26
23 82
5 95
79 59
51 67
32 15
3 65
78 49
97 64
31 93
13 10
86 12
34 83
8 66
21 6
1 10
32 62
34 27
45 61
1 63
98 38
76 7
9 57
30 55
51 43
50 51
88 57
66 98
2 67
21 79
17 56
83 77
42 34
51 14
86 99
0 8
80 65
51 21
44 67
41 51
28 80
23 48
86 12
43 56
58 21
1 6
14 38
90 77
8 48
1 59
8 25
21 73
91 52
26 88
95 91
85 4
8 87
60 83
38 0
28 71
93 23
65 52
5 88
52 75
59 15
47 26
44 72
79 1
77 83
95 87
66 33
3 21
97 57
91 26
19 61
4 6
24 18
35 81
24 41
72 4
78 10
3 71
60 41
66 35
25 44
71 55
83 76
44 32
70 64
27 43
98 15
24 66
97 12
90 34
73 6
38 94
87 71
92 20
67 48
70 10
82 92
33 33
47 96
52 93
84 85
18 41
31 73
75 48
8 46
71 40
66 4
57 25
53 58
30 33
40 23
59 74
57 97
58 39
64 99
36 26
97 31
50 1
82 70
68 62
0 40
69 0
44 69
3 33
95 23
72 75
16 9
67 27
3 42
72 76
89 49
71 7
4 97
87 39
48 14
65 72
9 8
45 37
16 36
87 95
73 12
37 79
64 8
91 7
73 71
93 80
7 24
81 54
3 77
18 72
42 58
40 33
13 12
52 1
6 24
87 3
88 5
41 3
75 91
83 23
42 6
7 91
57 71
2 31
84 93
83 20
0 91
68 61
1 35
20 78
76 10
100 43
51 87
90 32
42 100
42 62
71 7
82 51
33 38
19 89
38 69
42 9
19 49
85 61
79 23
65 68
86 85
21 47
46 8
0 29
50 75
39 35
17 80
75 6
10 57
30 75
82 8
83 20
29 83
39 7
28 89
78 3
35 94
95 14
81 13
98 28
89 88
3 96
25 10
83 50
67 4
3 42
14 95
98 27
7 23
40 59
49 47
2 49
26 55
91 29
19 7
16 10
25 8
9 48
16 90
70 75
71 39
98 2
35 29
89 64
38 92
40 96
65 38
92 31
96 2
68 97
65 5
84 47
0 77
0 36
2 76
48 36
40 9
30 59
81 23
52 51
36 49
51 67
69 64
92 20
40 79
13 94
33 26
21 25
63 4
70 85
1 30
41 36
39 59
45 13
3 35
65 73
23 44
70 16
67 48
86 47
91 2
61 89
8 38
60 79
50 3
79 43
78 52
36 20
23 18
19 34
65 30
83 12
10 64
10 100
90 49
38 89
27 89
44 62
90 20
81 31
48 11
36 29
74 75
73 41
39 46
46 86
11 39
55 16
2 99
76 53
97 89
35 70
77 24
69 21
57 69
45 79
32 24
63 99
4 80
98 64
93 60
43 14
1 40
56 4
61 94
8 38
56 97
58 72
57 11
43 9
16 1
39 7
41 53
43 75
97 73
69 32
26 100
9 4
18 4
38 29
73 23
71 98
7 66
66 82
33 21
34 95
16 87
97 7
77 78
57 63
15 19
93 61
73 55
79 52
17 40
48 17
82 18
81 56
18 68
56 32
17 25
66 70
60 13
63 56
